0.495516 0.204756 0.844120 -0.142726 0.977803 -0.153400 -0.856792 -0.044466 0.513741
0.936803 0.055104 0.345491 -0.045134 0.998301 -0.036845 -0.346934 0.018923 0.937699
0.888863 0.085881 0.450052 -0.064942 0.995974 -0.061794 -0.453547 0.025699 0.890862
0.791825 0.121612 0.598519 -0.095281 0.992574 -0.075624 -0.603271 0.002854 0.797531
0.996329 -0.051690 -0.068244 0.047963 0.997325 -0.055161 0.070913 0.051685 0.996143
-0.036439 0.250038 0.967550 -0.146533 0.956391 -0.252673 -0.988534 -0.150985 0.001788
0.038902 0.031942 -0.998732 0.005092 0.999470 0.032164 0.999230 -0.006337 0.038719
0.864357 -0.065045 -0.498654 0.061398 0.997831 -0.023731 0.499116 -0.010104 0.866476
0.921235 -0.085242 -0.379552 0.089899 0.995936 -0.005474 0.378476 -0.029079 0.925154
0.775136 -0.134053 -0.617409 0.145246 0.988866 -0.032353 0.614872 -0.064599 0.785977
0.864896 0.099390 0.492012 -0.095482 0.994880 -0.033128 -0.492785 -0.018326 0.869958
0.843001 -0.110445 -0.526451 0.111398 0.993323 -0.030011 0.526250 -0.033346 0.849676
0.992595 0.027389 0.118345 -0.026490 0.999607 -0.009164 -0.118549 0.005961 0.992930
0.955654 0.060204 0.288273 -0.059420 0.998167 -0.011478 -0.288435 -0.006160 0.957480
0.910804 -0.066200 -0.407496 0.063852 0.997771 -0.019374 0.407871 -0.008373 0.913001
0.995076 0.040234 0.090584 -0.041595 0.999047 0.013193 -0.089967 -0.016896 0.995801
0.433691 0.031730 0.900503 0.164367 0.979826 -0.113686 -0.885943 0.197317 0.419726
0.966734 0.045755 0.251657 0.007498 0.978379 -0.206684 -0.255673 0.201696 0.945489
0.996308 -0.039816 -0.076062 0.041703 0.998857 0.023378 0.075044 -0.026464 0.996829
0.890666 0.069569 0.449305 0.099175 0.934700 -0.341322 -0.443711 0.348563 0.825606
0.984892 0.031354 0.170310 -0.032769 0.999448 0.005502 -0.170043 -0.010999 0.985375
0.860242 -0.084618 -0.502815 0.091012 0.995779 -0.011871 0.501697 -0.035551 0.864313
0.960281 -0.054834 -0.273595 0.066978 0.997132 0.035237 0.270878 -0.052163 0.961199
0.997088 -0.014237 0.074919 0.018406 0.998303 -0.055248 -0.074005 0.056466 0.995658
0.999374 -0.021747 -0.027922 0.020181 0.998273 -0.055169 0.029074 0.054571 0.998087
0.968180 0.036177 0.247625 -0.043331 0.998784 0.023499 -0.246474 -0.033481 0.968571
0.756693 0.117052 0.643207 -0.118614 0.992094 -0.041002 -0.642920 -0.045267 0.764594
0.877338 0.071943 0.474450 -0.043810 0.996577 -0.070104 -0.477870 0.040719 0.877487
0.758885 0.008836 0.651164 -0.124563 0.983416 0.131825 -0.639200 -0.181151 0.747400
0.833033 0.063800 0.549532 -0.067730 0.997617 -0.013150 -0.549061 -0.026265 0.835369
0.810950 0.100628 0.576398 -0.060724 0.994255 -0.088143 -0.581957 0.036479 0.812401
0.605110 0.126958 0.785954 -0.077041 0.991908 -0.100912 -0.792405 0.000512 0.609995
0.447712 0.179052 -0.876067 -0.238276 0.968210 0.076114 0.861846 0.174668 0.476143
0.897692 -0.088372 -0.431670 0.100353 0.994939 0.005006 0.429043 -0.047813 0.902018
0.995995 -0.044899 -0.077317 0.038554 0.995912 -0.081683 0.080668 0.078375 0.993655
0.980987 0.027544 0.192108 -0.009798 0.995644 -0.092721 -0.193825 0.089076 0.976984
0.756715 0.007608 0.653701 -0.065042 0.995847 0.063703 -0.650501 -0.090723 0.754067
0.946852 0.054943 0.316942 -0.027021 0.995408 -0.091834 -0.320532 0.078389 0.943988
0.969245 0.046783 0.241611 -0.022672 0.994564 -0.101626 -0.245052 0.093023 0.965037
0.926432 0.078436 0.368199 -0.043766 0.993862 -0.101599 -0.373908 0.078010 0.924179
0.934063 0.062705 0.351561 -0.056360 0.998010 -0.028263 -0.352634 0.006586 0.935738
0.966090 -0.028064 -0.256675 0.041999 0.997917 0.048970 0.254766 -0.058089 0.965256
0.200461 -0.049310 -0.978460 0.103563 0.994203 -0.028886 0.974213 -0.095542 0.204406
0.915908 -0.045182 -0.398837 0.047131 0.998877 -0.004925 0.398611 -0.014287 0.917009
0.954631 -0.045265 -0.294330 0.052620 0.998468 0.017114 0.293104 -0.031825 0.955551
0.998974 -0.018348 -0.041409 0.017463 0.999614 -0.021618 0.041790 0.020872 0.998908
0.402112 -0.083258 -0.911797 0.077776 0.995364 -0.056588 0.912281 -0.048161 0.406723
0.991194 -0.018936 -0.131059 0.013275 0.998946 -0.043933 0.131753 0.041806 0.990401
0.874878 -0.051264 -0.481622 0.034250 0.998442 -0.044058 0.483130 0.022050 0.875271
0.999939 0.005993 0.009252 -0.005665 0.999369 -0.035050 -0.009456 0.034996 0.999343
0.996402 -0.002452 0.084718 0.000366 0.999697 0.024632 -0.084753 -0.024512 0.996100
0.545464 -0.042713 -0.837045 0.069258 0.997582 -0.005772 0.835268 -0.054824 0.547103
0.964604 0.019009 0.263017 0.009449 0.994267 -0.106511 -0.263534 0.105226 0.958894
0.481397 -0.060265 -0.874428 0.064453 0.997366 -0.033255 0.874129 -0.040351 0.484014
0.982094 0.040682 0.183949 -0.017454 0.991854 -0.126176 -0.187583 0.120706 0.974804
0.987315 0.007582 -0.158592 -0.029683 0.990063 -0.137457 0.155974 0.140421 0.977729
0.870649 0.021353 0.491441 0.088785 0.975828 -0.199692 -0.483825 0.217494 0.847708
0.997335 -0.064678 0.033752 0.065250 0.997738 -0.016136 -0.032632 0.018295 0.999300
0.901043 0.015972 0.433435 -0.016851 0.999856 -0.001813 -0.433401 -0.005670 0.901183
0.988150 -0.019424 0.152257 0.017815 0.999770 0.011925 -0.152453 -0.009071 0.988269
0.858306 -0.034756 -0.511960 0.035893 0.999326 -0.007668 0.511881 -0.011795 0.858975
0.762734 0.105554 0.638041 -0.123894 0.992166 -0.016032 -0.634734 -0.066821 0.769836
0.889134 0.007627 0.457583 0.016208 0.998709 -0.048141 -0.457359 0.050220 0.887863
0.058039 0.033814 0.997741 -0.005497 0.999422 -0.033551 -0.998299 -0.003537 0.058191
0.997018 -0.010032 0.076512 0.005382 0.998139 0.060740 -0.076979 -0.060147 0.995217
0.947202 -0.018875 0.320082 0.015448 0.999793 0.013242 -0.320265 -0.007598 0.947297
0.969124 -0.002448 -0.246563 -0.007045 0.999268 -0.037609 0.246474 0.038184 0.968397
0.792186 0.020313 -0.609941 -0.047767 0.998444 -0.028789 0.608407 0.051941 0.791924
0.869998 -0.046655 -0.490843 0.035840 0.998864 -0.031420 0.491751 0.009743 0.870681
0.979723 -0.012177 -0.199985 0.003815 0.999104 -0.042144 0.200319 0.040526 0.978892
0.425445 -0.112001 -0.898027 0.091294 0.992562 -0.080540 0.900368 -0.047719 0.432505
0.954480 0.027584 0.296997 -0.024289 0.999596 -0.014780 -0.297285 0.006893 0.954764
0.844689 -0.075398 -0.529921 0.084435 0.996403 -0.007181 0.528557 -0.038679 0.848016
0.876593 0.069888 0.476130 -0.100631 0.994146 0.039344 -0.470593 -0.082402 0.878494
0.971381 0.054290 0.231238 -0.051745 0.998515 -0.017063 -0.231821 0.004609 0.972748
0.800120 -0.042736 -0.598315 0.057686 0.998318 0.005835 0.597060 -0.039183 0.801239
0.745271 -0.069280 -0.663153 0.088765 0.996043 -0.004300 0.660827 -0.055661 0.748471
0.825451 -0.061674 -0.561094 0.073922 0.997264 -0.000867 0.559613 -0.040761 0.827751
0.911400 0.016103 0.411207 -0.013914 0.999869 -0.008317 -0.411287 0.001859 0.911504
0.959827 -0.062914 -0.273449 0.063158 0.997972 -0.007919 0.273393 -0.009669 0.961854
0.991469 0.014131 0.129577 -0.013479 0.999892 -0.005912 -0.129647 0.004115 0.991552
0.999168 -0.010145 -0.039499 0.009896 0.999930 -0.006491 0.039562 0.006094 0.999199
0.949464 -0.038960 -0.311449 0.034686 0.999213 -0.019252 0.311954 0.007476 0.950068
0.721308 -0.063241 -0.689721 0.006764 0.996418 -0.084288 0.692581 0.056133 0.719153
0.430049 0.103964 0.896800 -0.073575 0.994079 -0.079959 -0.899803 -0.031595 0.435152
0.935764 0.052679 0.348670 -0.055297 0.998467 -0.002446 -0.348264 -0.016992 0.937242
0.997677 0.025319 -0.063240 -0.026523 0.999481 -0.018282 0.062744 0.019917 0.997831
0.902059 -0.008513 0.431530 -0.021880 0.997618 0.065420 -0.431059 -0.068454 0.899724
0.619707 0.010968 0.784757 -0.071097 0.996576 0.042215 -0.781607 -0.081954 0.618364
0.738766 -0.002597 0.673957 -0.051168 0.996890 0.059930 -0.672017 -0.078759 0.736336
0.128659 0.021088 0.991465 -0.099634 0.994990 -0.008234 -0.986671 -0.097724 0.130116
0.751206 0.039285 0.658898 -0.073848 0.996962 0.024753 -0.655924 -0.067253 0.751825
0.910180 0.048358 0.411382 -0.051698 0.998658 -0.003011 -0.410975 -0.018527 0.911458
0.962553 0.029000 0.269539 -0.031462 0.999493 0.004817 -0.269263 -0.013117 0.962977
0.772208 0.074284 0.631012 -0.082672 0.996446 -0.016132 -0.629968 -0.039709 0.775605
0.966516 0.063602 0.248599 -0.061121 0.997974 -0.017693 -0.249221 0.001906 0.968445
0.506254 -0.051163 -0.860865 0.078217 0.996848 -0.013248 0.858830 -0.060628 0.508661
0.985745 -0.023267 -0.166632 0.023599 0.999722 0.000010 0.166585 -0.003942 0.986019
0.970486 0.035068 0.238595 -0.037792 0.999262 0.006848 -0.238179 -0.015663 0.971095
0.519922 0.096730 0.848720 -0.046402 0.995299 -0.085010 -0.852953 0.004816 0.521966
0.981942 0.015372 -0.188556 -0.017069 0.999827 -0.007378 0.188409 0.010464 0.982035
0.976214 -0.017317 -0.216116 0.029029 0.998270 0.051139 0.214856 -0.056197 0.975028
0.632586 0.082665 0.770066 -0.104147 0.994336 -0.021186 -0.767455 -0.066798 0.637613
0.712531 -0.047438 -0.700036 0.075491 0.997103 0.009270 0.697568 -0.059451 0.714048
0.995620 -0.013728 -0.092476 0.018653 0.998441 0.052604 0.091610 -0.054099 0.994324
0.799727 0.063847 0.596959 -0.071144 0.997401 -0.011366 -0.596134 -0.033380 0.802191
0.920113 -0.059914 -0.387044 0.056444 0.998199 -0.020335 0.387566 -0.003136 0.921837
0.911039 -0.021889 -0.411739 0.017153 0.999737 -0.015194 0.411963 0.006780 0.911175
0.888233 -0.078787 -0.452588 0.083971 0.996431 -0.008661 0.451654 -0.030312 0.891678
0.996477 -0.000801 0.083862 -0.006223 0.996491 0.083466 -0.083634 -0.083694 0.992976
0.999105 0.037236 -0.020064 -0.037461 0.999238 -0.010969 0.019641 0.011710 0.999739
0.998514 0.007859 -0.053919 -0.004860 0.998445 0.055536 0.054272 -0.055191 0.997000
0.881389 0.052546 0.469459 -0.096030 0.992974 0.069150 -0.462527 -0.106030 0.880242
0.476846 0.089572 0.874411 -0.122512 0.991857 -0.034793 -0.870407 -0.090535 0.483936
0.852924 -0.074510 -0.516690 0.107577 0.993605 0.034299 0.510830 -0.084838 0.855485
0.999022 -0.031810 -0.030698 0.033774 0.997267 0.065713 0.028524 -0.066686 0.997366
0.875264 0.014072 0.483440 -0.060605 0.994889 0.080765 -0.479833 -0.099989 0.871644
0.861737 -0.097191 -0.497959 0.075320 0.995111 -0.063879 0.501733 0.017541 0.864845
0.318832 0.207610 0.924794 -0.176956 0.971598 -0.157110 -0.931146 -0.113556 0.346515
0.321079 -0.108095 -0.940863 0.169168 0.984033 -0.055324 0.931821 -0.141400 0.334238
0.629789 -0.173378 -0.757170 0.173081 0.981587 -0.080802 0.757238 -0.080164 0.648201
0.969197 -0.025229 -0.244991 0.031648 0.999250 0.022296 0.244245 -0.029363 0.969269
0.990441 0.015795 0.137032 -0.017662 0.999767 0.012418 -0.136804 -0.014719 0.990489
0.933961 -0.026881 -0.356363 0.015655 0.999287 -0.034351 0.357032 0.026504 0.933716
0.998558 0.022256 0.048858 -0.021729 0.999700 -0.011291 -0.049095 0.010213 0.998742
0.895702 -0.033706 -0.443375 0.015619 0.998892 -0.044385 0.444380 0.032830 0.895237
0.508563 0.077608 0.857520 -0.084019 0.995650 -0.040280 -0.856915 -0.051563 0.512872
0.827379 0.023842 0.561137 0.042267 0.993622 -0.104539 -0.560051 0.110211 0.821095
0.997311 -0.027300 -0.068012 0.027858 0.999585 0.007265 0.067786 -0.009140 0.997658
0.995478 -0.016241 0.093589 0.027179 0.992783 -0.116807 -0.091017 0.118822 0.988735
0.913354 0.004614 -0.407141 -0.030750 0.997862 -0.057674 0.406004 0.065196 0.911543
0.971921 -0.005078 0.235254 0.006223 0.999972 -0.004126 -0.235226 0.005475 0.971925
0.638022 0.103616 0.763015 -0.084665 0.994337 -0.064233 -0.765350 -0.023619 0.643181
