0.000000 0.000000 0.000000 0.000000 0.000000 0.000000 0.000000 0.000000 0.000000
0.000000 0.000000 0.000000
0.000000 0.000000 0.000000 0.000000 0.000000 0.000000 0.000000 0.000000 0.000000
0.000000 0.000000 0.000000
1.000000 0.000000 0.000000 0.000000 1.000000 0.000000 0.000000 0.000000 1.000000
0.000000 0.000000 0.000000
0.000000 0.000000 0.000000 0.000000 0.000000 0.000000 0.000000 0.000000 0.000000
0.000000 0.000000 0.000000
0.512311 -0.155510 -0.844603 0.063554 0.987637 -0.143296 0.856445 0.019734 0.515861
-0.959033 0.047324 0.893341
0.000000 0.000000 0.000000 0.000000 0.000000 0.000000 0.000000 0.000000 0.000000
0.000000 0.000000 0.000000
0.000000 0.000000 0.000000 0.000000 0.000000 0.000000 0.000000 0.000000 0.000000
0.000000 0.000000 0.000000
0.000000 0.000000 0.000000 0.000000 0.000000 0.000000 0.000000 0.000000 0.000000
0.000000 0.000000 0.000000
0.000000 0.000000 0.000000 0.000000 0.000000 0.000000 0.000000 0.000000 0.000000
0.000000 0.000000 0.000000
0.000000 0.000000 0.000000 0.000000 0.000000 0.000000 0.000000 0.000000 0.000000
0.000000 0.000000 0.000000
0.000000 0.000000 0.000000 0.000000 0.000000 0.000000 0.000000 0.000000 0.000000
0.000000 0.000000 0.000000
0.000000 0.000000 0.000000 0.000000 0.000000 0.000000 0.000000 0.000000 0.000000
0.000000 0.000000 0.000000
0.000000 0.000000 0.000000 0.000000 0.000000 0.000000 0.000000 0.000000 0.000000
0.000000 0.000000 0.000000
0.000000 0.000000 0.000000 0.000000 0.000000 0.000000 0.000000 0.000000 0.000000
0.000000 0.000000 0.000000
0.000000 0.000000 0.000000 0.000000 0.000000 0.000000 0.000000 0.000000 0.000000
0.000000 0.000000 0.000000
0.000000 0.000000 0.000000 0.000000 0.000000 0.000000 0.000000 0.000000 0.000000
0.000000 0.000000 0.000000
0.550336 -0.250512 -0.796476 0.147895 0.968092 -0.202300 0.821740 -0.006462 0.569825
-3870.811157 634.239350 -101.717508
0.366219 -0.360686 -0.857781 0.175249 0.932060 -0.317099 0.913877 -0.034197 0.404548
-3870.903894 634.254640 -101.739476
0.650592 -0.354096 -0.671823 0.209125 0.933976 -0.289752 0.730066 0.048016 0.681687
-73.719491 4.435085 -71.427032
0.207085 -0.163811 -0.964511 -0.011519 0.985406 -0.169833 0.978255 0.046280 0.202175
-1.943192 -0.025814 0.891495
0.951557 -0.105521 -0.288798 0.064300 0.986791 -0.148693 0.300674 0.122920 0.945773
-0.287878 0.178592 0.820427
0.000000 0.000000 0.000000 0.000000 0.000000 0.000000 0.000000 0.000000 0.000000
0.000000 0.000000 0.000000
0.000000 0.000000 0.000000 0.000000 0.000000 0.000000 0.000000 0.000000 0.000000
0.000000 0.000000 0.000000
0.000000 0.000000 0.000000 0.000000 0.000000 0.000000 0.000000 0.000000 0.000000
0.000000 0.000000 0.000000
0.000000 0.000000 0.000000 0.000000 0.000000 0.000000 0.000000 0.000000 0.000000
0.000000 0.000000 0.000000
0.000000 0.000000 0.000000 0.000000 0.000000 0.000000 0.000000 0.000000 0.000000
0.000000 0.000000 0.000000
0.000000 0.000000 0.000000 0.000000 0.000000 0.000000 0.000000 0.000000 0.000000
0.000000 0.000000 0.000000
0.871975 0.102082 0.478789 -0.162348 0.982971 0.086092 -0.461847 -0.152800 0.873699
0.991672 0.150335 0.642379
0.773948 0.196126 0.602112 -0.318623 0.942310 0.102617 -0.547250 -0.271267 0.791790
-11134.866581 319.959774 3847.228929
0.992328 -0.009700 -0.123254 0.013089 0.999557 0.026721 0.122941 -0.028129 0.992015
-0.000559 0.104641 0.492347
0.368209 -0.161819 -0.915553 -0.000181 0.984725 -0.174118 0.929743 0.064278 0.362555
-1.943207 -0.025820 0.891462
0.785793 -0.115606 -0.607589 0.168823 0.985162 0.030891 0.595003 -0.126849 0.793650
-0.287845 0.178622 0.820441
0.000000 0.000000 0.000000 0.000000 0.000000 0.000000 0.000000 0.000000 0.000000
0.000000 0.000000 0.000000
0.000000 0.000000 0.000000 0.000000 0.000000 0.000000 0.000000 0.000000 0.000000
0.000000 0.000000 0.000000
0.000000 0.000000 0.000000 0.000000 0.000000 0.000000 0.000000 0.000000 0.000000
0.000000 0.000000 0.000000
0.000000 0.000000 0.000000 0.000000 0.000000 0.000000 0.000000 0.000000 0.000000
0.000000 0.000000 0.000000
0.000000 0.000000 0.000000 0.000000 0.000000 0.000000 0.000000 0.000000 0.000000
0.000000 0.000000 0.000000
0.000000 0.000000 0.000000 0.000000 0.000000 0.000000 0.000000 0.000000 0.000000
0.000000 0.000000 0.000000
0.855319 -0.080866 -0.511752 0.094316 0.995542 0.000321 0.509444 -0.048541 0.859133
-0.553588 0.121473 1.099327
0.123250 -0.090147 -0.988273 0.410002 0.911523 -0.032014 0.903719 -0.401248 0.149306
-0.155549 0.215809 1.120022
0.387195 -0.119950 -0.914162 0.452309 0.888705 0.074967 0.803428 -0.442510 0.398357
-0.155549 0.215809 1.120022
0.000000 0.000000 0.000000 0.000000 0.000000 0.000000 0.000000 0.000000 0.000000
0.000000 0.000000 0.000000
0.000000 0.000000 0.000000 0.000000 0.000000 0.000000 0.000000 0.000000 0.000000
0.000000 0.000000 0.000000
0.000000 0.000000 0.000000 0.000000 0.000000 0.000000 0.000000 0.000000 0.000000
0.000000 0.000000 0.000000
0.000000 0.000000 0.000000 0.000000 0.000000 0.000000 0.000000 0.000000 0.000000
0.000000 0.000000 0.000000
0.000000 0.000000 0.000000 0.000000 0.000000 0.000000 0.000000 0.000000 0.000000
0.000000 0.000000 0.000000
0.000000 0.000000 0.000000 0.000000 0.000000 0.000000 0.000000 0.000000 0.000000
0.000000 0.000000 0.000000
0.000000 0.000000 0.000000 0.000000 0.000000 0.000000 0.000000 0.000000 0.000000
0.000000 0.000000 0.000000
0.000000 0.000000 0.000000 0.000000 0.000000 0.000000 0.000000 0.000000 0.000000
0.000000 0.000000 0.000000
0.000000 0.000000 0.000000 0.000000 0.000000 0.000000 0.000000 0.000000 0.000000
0.000000 0.000000 0.000000
0.000000 0.000000 0.000000 0.000000 0.000000 0.000000 0.000000 0.000000 0.000000
0.000000 0.000000 0.000000
0.000000 0.000000 0.000000 0.000000 0.000000 0.000000 0.000000 0.000000 0.000000
0.000000 0.000000 0.000000
0.000000 0.000000 0.000000 0.000000 0.000000 0.000000 0.000000 0.000000 0.000000
0.000000 0.000000 0.000000
0.992270 -0.011784 -0.123534 0.023702 0.995151 0.095459 0.121810 -0.097649 0.987738
0.091311 0.072857 0.294001
0.000000 0.000000 0.000000 0.000000 0.000000 0.000000 0.000000 0.000000 0.000000
0.000000 0.000000 0.000000
0.000000 0.000000 0.000000 0.000000 0.000000 0.000000 0.000000 0.000000 0.000000
0.000000 0.000000 0.000000
0.000000 0.000000 0.000000 0.000000 0.000000 0.000000 0.000000 0.000000 0.000000
0.000000 0.000000 0.000000
0.000000 0.000000 0.000000 0.000000 0.000000 0.000000 0.000000 0.000000 0.000000
0.000000 0.000000 0.000000
0.000000 0.000000 0.000000 0.000000 0.000000 0.000000 0.000000 0.000000 0.000000
0.000000 0.000000 0.000000
0.000000 0.000000 0.000000 0.000000 0.000000 0.000000 0.000000 0.000000 0.000000
0.000000 0.000000 0.000000
0.000000 0.000000 0.000000 0.000000 0.000000 0.000000 0.000000 0.000000 0.000000
0.000000 0.000000 0.000000
0.000000 0.000000 0.000000 0.000000 0.000000 0.000000 0.000000 0.000000 0.000000
0.000000 0.000000 0.000000
0.973208 -0.022057 -0.228868 -0.017656 0.985279 -0.170037 0.229249 0.169522 0.958492
-0.181397 -0.476010 -2.428627
0.977890 0.077254 0.194329 -0.042622 0.983386 -0.176454 -0.204732 0.164270 0.964935
0.123023 -0.608481 -2.891441
0.993777 -0.016883 -0.110099 0.012240 0.999012 -0.042716 0.110711 0.041102 0.993002
0.018084 -0.064358 -0.283356
0.999438 0.033486 -0.001726 -0.033329 0.986488 -0.160408 -0.003669 0.160375 0.987049
-0.040565 -0.116315 -0.581419
0.999694 -0.000070 -0.024721 -0.004375 0.983713 -0.179695 0.024331 0.179749 0.983412
-327.897324 -1420.622093 -6780.146440
0.000000 0.000000 0.000000 0.000000 0.000000 0.000000 0.000000 0.000000 0.000000
0.000000 0.000000 0.000000
0.996704 -0.017819 -0.079148 0.016221 0.999652 -0.020785 0.079491 0.019433 0.996646
6598.059015 4934.006995 -2479.802100
0.000000 0.000000 0.000000 0.000000 0.000000 0.000000 0.000000 0.000000 0.000000
0.000000 0.000000 0.000000
0.993662 -0.056156 -0.097374 0.075320 0.975662 0.205939 0.083439 -0.211968 0.973708
0.103603 0.149961 0.670068
0.000000 0.000000 0.000000 0.000000 0.000000 0.000000 0.000000 0.000000 0.000000
0.000000 0.000000 0.000000
0.950619 -0.084558 -0.298618 0.121969 0.986539 0.108923 0.285388 -0.139966 0.948137
0.098953 0.147892 0.670782
0.000000 0.000000 0.000000 0.000000 0.000000 0.000000 0.000000 0.000000 0.000000
0.000000 0.000000 0.000000
0.000000 0.000000 0.000000 0.000000 0.000000 0.000000 0.000000 0.000000 0.000000
0.000000 0.000000 0.000000
0.000000 0.000000 0.000000 0.000000 0.000000 0.000000 0.000000 0.000000 0.000000
0.000000 0.000000 0.000000
0.000000 0.000000 0.000000 0.000000 0.000000 0.000000 0.000000 0.000000 0.000000
0.000000 0.000000 0.000000
-0.164983 -0.977221 0.133488 0.548733 -0.203407 -0.810875 0.819556 -0.060531 0.569792
-0.792676 0.294722 0.137665
-0.310498 -0.937171 0.159066 0.260190 -0.244736 -0.934026 0.914272 -0.248626 0.319832
0.570810 0.283406 0.841192
0.000000 0.000000 0.000000 0.000000 0.000000 0.000000 0.000000 0.000000 0.000000
0.000000 0.000000 0.000000
0.000000 0.000000 0.000000 0.000000 0.000000 0.000000 0.000000 0.000000 0.000000
0.000000 0.000000 0.000000
0.000000 0.000000 0.000000 0.000000 0.000000 0.000000 0.000000 0.000000 0.000000
0.000000 0.000000 0.000000
0.000000 0.000000 0.000000 0.000000 0.000000 0.000000 0.000000 0.000000 0.000000
0.000000 0.000000 0.000000
0.000000 0.000000 0.000000 0.000000 0.000000 0.000000 0.000000 0.000000 0.000000
0.000000 0.000000 0.000000
0.000000 0.000000 0.000000 0.000000 0.000000 0.000000 0.000000 0.000000 0.000000
0.000000 0.000000 0.000000
0.000000 0.000000 0.000000 0.000000 0.000000 0.000000 0.000000 0.000000 0.000000
0.000000 0.000000 0.000000
0.000000 0.000000 0.000000 0.000000 0.000000 0.000000 0.000000 0.000000 0.000000
0.000000 0.000000 0.000000
0.000000 0.000000 0.000000 0.000000 0.000000 0.000000 0.000000 0.000000 0.000000
0.000000 0.000000 0.000000
0.000000 0.000000 0.000000 0.000000 0.000000 0.000000 0.000000 0.000000 0.000000
0.000000 0.000000 0.000000
0.000000 0.000000 0.000000 0.000000 0.000000 0.000000 0.000000 0.000000 0.000000
0.000000 0.000000 0.000000
0.000000 0.000000 0.000000 0.000000 0.000000 0.000000 0.000000 0.000000 0.000000
0.000000 0.000000 0.000000
0.000000 0.000000 0.000000 0.000000 0.000000 0.000000 0.000000 0.000000 0.000000
0.000000 0.000000 0.000000
0.000000 0.000000 0.000000 0.000000 0.000000 0.000000 0.000000 0.000000 0.000000
0.000000 0.000000 0.000000
0.714673 0.146882 0.683863 -0.234567 0.971415 0.036492 -0.658954 -0.186491 0.728698
0.968555 0.184058 0.778877
0.965010 0.076553 0.250790 -0.113370 0.984229 0.135799 -0.236439 -0.159479 0.958469
0.219641 0.174742 0.680912
0.994549 0.052154 0.090286 -0.052019 0.998639 -0.003858 -0.090364 -0.000860 0.995908
0.220141 0.173284 0.679427
0.843828 0.028681 0.535846 -0.071243 0.995719 0.058895 -0.531863 -0.087873 0.842259
-5.447935 0.365496 -10.351181
0.990576 0.002799 -0.136936 -0.006698 0.999585 -0.028024 0.136801 0.028677 0.990183
-0.055275 -0.080238 -0.503881
0.697017 0.682743 -0.219157 -0.690131 0.721709 0.053427 0.194644 0.114008 0.974226
-0.057118 -0.136509 -0.689484
0.999102 0.024105 -0.034844 -0.023165 0.999364 0.027113 0.035475 -0.026281 0.999025
0.087301 0.168297 0.822223
0.000000 0.000000 0.000000 0.000000 0.000000 0.000000 0.000000 0.000000 0.000000
0.000000 0.000000 0.000000
0.000000 0.000000 0.000000 0.000000 0.000000 0.000000 0.000000 0.000000 0.000000
0.000000 0.000000 0.000000
0.000000 0.000000 0.000000 0.000000 0.000000 0.000000 0.000000 0.000000 0.000000
0.000000 0.000000 0.000000
0.000000 0.000000 0.000000 0.000000 0.000000 0.000000 0.000000 0.000000 0.000000
0.000000 0.000000 0.000000
0.000000 0.000000 0.000000 0.000000 0.000000 0.000000 0.000000 0.000000 0.000000
0.000000 0.000000 0.000000
0.000000 0.000000 0.000000 0.000000 0.000000 0.000000 0.000000 0.000000 0.000000
0.000000 0.000000 0.000000
0.000000 0.000000 0.000000 0.000000 0.000000 0.000000 0.000000 0.000000 0.000000
0.000000 0.000000 0.000000
0.000000 0.000000 0.000000 0.000000 0.000000 0.000000 0.000000 0.000000 0.000000
0.000000 0.000000 0.000000
0.000000 0.000000 0.000000 0.000000 0.000000 0.000000 0.000000 0.000000 0.000000
0.000000 0.000000 0.000000
0.000000 0.000000 0.000000 0.000000 0.000000 0.000000 0.000000 0.000000 0.000000
0.000000 0.000000 0.000000
0.000000 0.000000 0.000000 0.000000 0.000000 0.000000 0.000000 0.000000 0.000000
0.000000 0.000000 0.000000
0.000000 0.000000 0.000000 0.000000 0.000000 0.000000 0.000000 0.000000 0.000000
0.000000 0.000000 0.000000
0.000000 0.000000 0.000000 0.000000 0.000000 0.000000 0.000000 0.000000 0.000000
0.000000 0.000000 0.000000
0.000000 0.000000 0.000000 0.000000 0.000000 0.000000 0.000000 0.000000 0.000000
0.000000 0.000000 0.000000
0.860225 -0.029413 -0.509065 0.180278 0.951403 0.249665 0.476983 -0.306541 0.823723
0.048480 0.170289 0.860891
0.000000 0.000000 0.000000 0.000000 0.000000 0.000000 0.000000 0.000000 0.000000
0.000000 0.000000 0.000000
0.000000 0.000000 0.000000 0.000000 0.000000 0.000000 0.000000 0.000000 0.000000
0.000000 0.000000 0.000000
0.680735 -0.197105 -0.705514 0.101510 0.979210 -0.175625 0.725462 0.047938 0.686590
-1.919684 -0.088987 -1.394916
0.719311 -0.152709 -0.677696 0.151673 0.986527 -0.061313 0.677928 -0.058685 0.732782
0.006123 0.221496 0.206762
0.560085 -0.207579 -0.802007 0.266979 0.961676 -0.062460 0.784236 -0.179136 0.594040
-0.028603 0.292916 0.486139
0.000000 0.000000 0.000000 0.000000 0.000000 0.000000 0.000000 0.000000 0.000000
0.000000 0.000000 0.000000
0.000000 0.000000 0.000000 0.000000 0.000000 0.000000 0.000000 0.000000 0.000000
0.000000 0.000000 0.000000
0.000000 0.000000 0.000000 0.000000 0.000000 0.000000 0.000000 0.000000 0.000000
0.000000 0.000000 0.000000
0.000000 0.000000 0.000000 0.000000 0.000000 0.000000 0.000000 0.000000 0.000000
0.000000 0.000000 0.000000
0.000000 0.000000 0.000000 0.000000 0.000000 0.000000 0.000000 0.000000 0.000000
0.000000 0.000000 0.000000
0.000000 0.000000 0.000000 0.000000 0.000000 0.000000 0.000000 0.000000 0.000000
0.000000 0.000000 0.000000
0.000000 0.000000 0.000000 0.000000 0.000000 0.000000 0.000000 0.000000 0.000000
0.000000 0.000000 0.000000
0.000000 0.000000 0.000000 0.000000 0.000000 0.000000 0.000000 0.000000 0.000000
0.000000 0.000000 0.000000
0.000000 0.000000 0.000000 0.000000 0.000000 0.000000 0.000000 0.000000 0.000000
0.000000 0.000000 0.000000
-0.317142 -0.179125 -0.931308 -0.139868 0.980097 -0.140879 0.938007 0.085581 -0.335884
6646.691059 277.905926 1322.797968
0.000000 0.000000 0.000000 0.000000 0.000000 0.000000 0.000000 0.000000 0.000000
0.000000 0.000000 0.000000
0.000000 0.000000 0.000000 0.000000 0.000000 0.000000 0.000000 0.000000 0.000000
0.000000 0.000000 0.000000
0.000000 0.000000 0.000000 0.000000 0.000000 0.000000 0.000000 0.000000 0.000000
0.000000 0.000000 0.000000
0.933039 0.068909 0.353114 -0.117860 0.985870 0.119032 -0.339922 -0.152680 0.927977
0.780440 0.148755 0.583160
0.924661 0.104757 0.366099 -0.150220 0.983793 0.097907 -0.349909 -0.145526 0.925411
0.797756 0.120244 0.590721
0.909935 0.048390 0.411918 -0.078838 0.995243 0.057240 -0.407188 -0.084559 0.909421
0.786019 0.138623 0.584359
0.880872 0.094231 0.463881 -0.121219 0.992213 0.028630 -0.457570 -0.081450 0.885435
0.786021 0.138624 0.584358
0.834181 0.113830 0.539616 0.001006 0.978151 -0.207893 -0.551491 0.173963 0.815840
0.786020 0.138624 0.584362
0.000000 0.000000 0.000000 0.000000 0.000000 0.000000 0.000000 0.000000 0.000000
0.000000 0.000000 0.000000
0.000000 0.000000 0.000000 0.000000 0.000000 0.000000 0.000000 0.000000 0.000000
0.000000 0.000000 0.000000
0.922425 0.096833 0.373840 -0.164710 0.974236 0.154061 -0.349290 -0.203685 0.914609
0.730233 0.145083 0.474545
0.875073 0.126238 0.467239 -0.196858 0.974758 0.105329 -0.442148 -0.184150 0.877835
0.730316 0.145030 0.474483
0.916279 0.113055 0.384253 -0.163104 0.981512 0.100153 -0.365826 -0.154441 0.917779
0.730254 0.145048 0.474515
0.875714 0.182011 0.447210 -0.230760 0.971367 0.056528 -0.424116 -0.152701 0.892641
0.743080 0.143344 0.477846
0.950949 0.144072 0.273749 -0.174501 0.980522 0.090141 -0.255431 -0.133489 0.957568
0.730217 0.145086 0.474534
0.994691 0.008841 -0.102522 -0.008033 0.999933 0.008287 0.102589 -0.007419 0.994696
-0.007429 0.069095 0.272172
0.993877 0.014544 -0.109532 -0.012996 0.999806 0.014826 0.109727 -0.013311 0.993873
-0.007424 0.069098 0.272180
0.918355 -0.049064 -0.392704 0.212221 0.898607 0.384015 0.334046 -0.436002 0.835653
21746.683624 1979.414154 -17695.133012
0.939013 0.343735 0.010055 -0.340071 0.923869 0.175548 0.051053 -0.168261 0.984420
0.178904 0.034123 0.390969
0.892417 -0.042555 -0.449200 0.013426 0.997606 -0.067836 0.451011 0.054507 0.890852
-0.466723 -0.104453 -0.565757
0.000000 0.000000 0.000000 0.000000 0.000000 0.000000 0.000000 0.000000 0.000000
0.000000 0.000000 0.000000
0.000000 0.000000 0.000000 0.000000 0.000000 0.000000 0.000000 0.000000 0.000000
0.000000 0.000000 0.000000
0.000000 0.000000 0.000000 0.000000 0.000000 0.000000 0.000000 0.000000 0.000000
0.000000 0.000000 0.000000
0.000000 0.000000 0.000000 0.000000 0.000000 0.000000 0.000000 0.000000 0.000000
0.000000 0.000000 0.000000
0.000000 0.000000 0.000000 0.000000 0.000000 0.000000 0.000000 0.000000 0.000000
0.000000 0.000000 0.000000
0.000000 0.000000 0.000000 0.000000 0.000000 0.000000 0.000000 0.000000 0.000000
0.000000 0.000000 0.000000
0.000000 0.000000 0.000000 0.000000 0.000000 0.000000 0.000000 0.000000 0.000000
0.000000 0.000000 0.000000
0.996928 0.050632 0.059761 -0.054367 0.996556 0.062609 -0.056386 -0.065665 0.996247
0.163474 0.058646 0.254336
0.970145 0.022000 0.241527 -0.140090 0.863770 0.484021 -0.197975 -0.503406 0.841064
0.514625 0.223042 1.114584
0.000000 0.000000 0.000000 0.000000 0.000000 0.000000 0.000000 0.000000 0.000000
0.000000 0.000000 0.000000
0.000000 0.000000 0.000000 0.000000 0.000000 0.000000 0.000000 0.000000 0.000000
0.000000 0.000000 0.000000
0.000000 0.000000 0.000000 0.000000 0.000000 0.000000 0.000000 0.000000 0.000000
0.000000 0.000000 0.000000
0.000000 0.000000 0.000000 0.000000 0.000000 0.000000 0.000000 0.000000 0.000000
0.000000 0.000000 0.000000
0.899833 -0.039220 -0.434468 0.031582 0.999194 -0.024789 0.435090 0.008584 0.900346
-0.103716 -0.074514 -0.311325
0.000000 0.000000 0.000000 0.000000 0.000000 0.000000 0.000000 0.000000 0.000000
0.000000 0.000000 0.000000
0.000000 0.000000 0.000000 0.000000 0.000000 0.000000 0.000000 0.000000 0.000000
0.000000 0.000000 0.000000
0.540549 -0.106606 -0.834531 0.275373 0.959718 0.055769 0.794970 -0.259953 0.548131
-0.346714 0.215172 1.028004
0.000000 0.000000 0.000000 0.000000 0.000000 0.000000 0.000000 0.000000 0.000000
0.000000 0.000000 0.000000
0.000000 0.000000 0.000000 0.000000 0.000000 0.000000 0.000000 0.000000 0.000000
0.000000 0.000000 0.000000
0.000000 0.000000 0.000000 0.000000 0.000000 0.000000 0.000000 0.000000 0.000000
0.000000 0.000000 0.000000
0.000000 0.000000 0.000000 0.000000 0.000000 0.000000 0.000000 0.000000 0.000000
0.000000 0.000000 0.000000
0.000000 0.000000 0.000000 0.000000 0.000000 0.000000 0.000000 0.000000 0.000000
0.000000 0.000000 0.000000
0.000000 0.000000 0.000000 0.000000 0.000000 0.000000 0.000000 0.000000 0.000000
0.000000 0.000000 0.000000
0.000000 0.000000 0.000000 0.000000 0.000000 0.000000 0.000000 0.000000 0.000000
0.000000 0.000000 0.000000
0.000000 0.000000 0.000000 0.000000 0.000000 0.000000 0.000000 0.000000 0.000000
0.000000 0.000000 0.000000
0.000000 0.000000 0.000000 0.000000 0.000000 0.000000 0.000000 0.000000 0.000000
0.000000 0.000000 0.000000
0.000000 0.000000 0.000000 0.000000 0.000000 0.000000 0.000000 0.000000 0.000000
0.000000 0.000000 0.000000
0.000000 0.000000 0.000000 0.000000 0.000000 0.000000 0.000000 0.000000 0.000000
0.000000 0.000000 0.000000
0.000000 0.000000 0.000000 0.000000 0.000000 0.000000 0.000000 0.000000 0.000000
0.000000 0.000000 0.000000
0.000000 0.000000 0.000000 0.000000 0.000000 0.000000 0.000000 0.000000 0.000000
0.000000 0.000000 0.000000
0.000000 0.000000 0.000000 0.000000 0.000000 0.000000 0.000000 0.000000 0.000000
0.000000 0.000000 0.000000
-0.216851 -0.163857 -0.962355 0.325039 0.917443 -0.229452 0.920503 -0.362559 -0.145688
-0.399198 0.285467 1.542119
0.000000 0.000000 0.000000 0.000000 0.000000 0.000000 0.000000 0.000000 0.000000
0.000000 0.000000 0.000000
0.000000 0.000000 0.000000 0.000000 0.000000 0.000000 0.000000 0.000000 0.000000
0.000000 0.000000 0.000000
0.000000 0.000000 0.000000 0.000000 0.000000 0.000000 0.000000 0.000000 0.000000
0.000000 0.000000 0.000000
0.982142 0.012619 -0.187718 -0.002486 0.998532 0.054116 0.188125 -0.052683 0.980731
0.024174 0.125907 0.581935
0.000000 0.000000 0.000000 0.000000 0.000000 0.000000 0.000000 0.000000 0.000000
0.000000 0.000000 0.000000
0.000000 0.000000 0.000000 0.000000 0.000000 0.000000 0.000000 0.000000 0.000000
0.000000 0.000000 0.000000
0.000000 0.000000 0.000000 0.000000 0.000000 0.000000 0.000000 0.000000 0.000000
0.000000 0.000000 0.000000
0.000000 0.000000 0.000000 0.000000 0.000000 0.000000 0.000000 0.000000 0.000000
0.000000 0.000000 0.000000
0.768620 -0.141533 -0.623853 0.184455 0.982832 0.004284 0.612536 -0.118366 0.781530
6168.064923 833.836490 3716.507798
0.960947 0.000033 -0.276731 0.066147 0.970985 0.229811 0.268710 -0.239141 0.933063
-0.069422 0.242240 0.925185
0.976997 -0.037347 -0.209958 0.051649 0.996673 0.063054 0.206905 -0.072448 0.975675
-0.042982 0.037171 0.179171
0.998057 0.057778 0.023315 -0.059101 0.996403 0.060737 -0.019722 -0.061997 0.997881
0.041890 0.041888 0.180128
0.000000 0.000000 0.000000 0.000000 0.000000 0.000000 0.000000 0.000000 0.000000
0.000000 0.000000 0.000000
0.779844 0.109267 0.616363 -0.254317 0.955027 0.152467 -0.571984 -0.275653 0.772561
0.885244 0.172235 0.755994
0.856977 0.115149 0.502325 -0.160302 0.985926 0.047472 -0.489789 -0.121207 0.863375
0.664090 0.155041 0.654329
0.974566 0.043604 0.219816 -0.088512 0.976032 0.198812 -0.205878 -0.213212 0.955068
0.101746 0.149716 0.690881
0.000000 0.000000 0.000000 0.000000 0.000000 0.000000 0.000000 0.000000 0.000000
0.000000 0.000000 0.000000
0.998643 -0.011919 -0.050690 0.020609 0.984434 0.174543 0.047821 -0.175351 0.983344
-0.050395 0.231781 1.191683
0.995050 -0.013752 -0.098423 0.026835 0.990771 0.132866 0.095687 -0.134850 0.986235
-0.053379 0.231086 1.197271
0.000000 0.000000 0.000000 0.000000 0.000000 0.000000 0.000000 0.000000 0.000000
0.000000 0.000000 0.000000
0.000000 0.000000 0.000000 0.000000 0.000000 0.000000 0.000000 0.000000 0.000000
0.000000 0.000000 0.000000
0.000000 0.000000 0.000000 0.000000 0.000000 0.000000 0.000000 0.000000 0.000000
0.000000 0.000000 0.000000
0.000000 0.000000 0.000000 0.000000 0.000000 0.000000 0.000000 0.000000 0.000000
0.000000 0.000000 0.000000
0.000000 0.000000 0.000000 0.000000 0.000000 0.000000 0.000000 0.000000 0.000000
0.000000 0.000000 0.000000
0.000000 0.000000 0.000000 0.000000 0.000000 0.000000 0.000000 0.000000 0.000000
0.000000 0.000000 0.000000
0.000000 0.000000 0.000000 0.000000 0.000000 0.000000 0.000000 0.000000 0.000000
0.000000 0.000000 0.000000
0.000000 0.000000 0.000000 0.000000 0.000000 0.000000 0.000000 0.000000 0.000000
0.000000 0.000000 0.000000
0.000000 0.000000 0.000000 0.000000 0.000000 0.000000 0.000000 0.000000 0.000000
0.000000 0.000000 0.000000
0.000000 0.000000 0.000000 0.000000 0.000000 0.000000 0.000000 0.000000 0.000000
0.000000 0.000000 0.000000
0.000000 0.000000 0.000000 0.000000 0.000000 0.000000 0.000000 0.000000 0.000000
0.000000 0.000000 0.000000
0.000000 0.000000 0.000000 0.000000 0.000000 0.000000 0.000000 0.000000 0.000000
0.000000 0.000000 0.000000
0.000000 0.000000 0.000000 0.000000 0.000000 0.000000 0.000000 0.000000 0.000000
0.000000 0.000000 0.000000
0.000000 0.000000 0.000000 0.000000 0.000000 0.000000 0.000000 0.000000 0.000000
0.000000 0.000000 0.000000
0.000000 0.000000 0.000000 0.000000 0.000000 0.000000 0.000000 0.000000 0.000000
0.000000 0.000000 0.000000
0.990853 -0.011097 0.134488 -0.001873 0.995386 0.095930 -0.134932 -0.095304 0.986261
0.206309 0.127681 0.578306
0.988881 -0.048832 -0.140464 0.059477 0.995586 0.072606 0.136298 -0.080153 0.987420
0.015084 0.098530 0.398458
0.000000 0.000000 0.000000 0.000000 0.000000 0.000000 0.000000 0.000000 0.000000
0.000000 0.000000 0.000000
0.957086 0.012336 0.289542 -0.064469 0.983122 0.171215 -0.282543 -0.182534 0.941728
0.588965 0.153057 0.668597
0.956418 0.011928 -0.291757 -0.020463 0.999447 -0.026220 0.291283 0.031048 0.956133
-0.055287 -0.080257 -0.504005
0.992225 -0.053451 -0.112391 0.079811 0.966210 0.245087 0.095493 -0.252152 0.962964
-0.000533 0.104698 0.492458
0.000000 0.000000 0.000000 0.000000 0.000000 0.000000 0.000000 0.000000 0.000000
0.000000 0.000000 0.000000
0.000000 0.000000 0.000000 0.000000 0.000000 0.000000 0.000000 0.000000 0.000000
0.000000 0.000000 0.000000
0.000000 0.000000 0.000000 0.000000 0.000000 0.000000 0.000000 0.000000 0.000000
0.000000 0.000000 0.000000
0.000000 0.000000 0.000000 0.000000 0.000000 0.000000 0.000000 0.000000 0.000000
0.000000 0.000000 0.000000
0.000000 0.000000 0.000000 0.000000 0.000000 0.000000 0.000000 0.000000 0.000000
0.000000 0.000000 0.000000
0.000000 0.000000 0.000000 0.000000 0.000000 0.000000 0.000000 0.000000 0.000000
0.000000 0.000000 0.000000
0.000000 0.000000 0.000000 0.000000 0.000000 0.000000 0.000000 0.000000 0.000000
0.000000 0.000000 0.000000
0.000000 0.000000 0.000000 0.000000 0.000000 0.000000 0.000000 0.000000 0.000000
0.000000 0.000000 0.000000
0.000000 0.000000 0.000000 0.000000 0.000000 0.000000 0.000000 0.000000 0.000000
0.000000 0.000000 0.000000
0.000000 0.000000 0.000000 0.000000 0.000000 0.000000 0.000000 0.000000 0.000000
0.000000 0.000000 0.000000
0.000000 0.000000 0.000000 0.000000 0.000000 0.000000 0.000000 0.000000 0.000000
0.000000 0.000000 0.000000
0.000000 0.000000 0.000000 0.000000 0.000000 0.000000 0.000000 0.000000 0.000000
0.000000 0.000000 0.000000
0.000000 0.000000 0.000000 0.000000 0.000000 0.000000 0.000000 0.000000 0.000000
0.000000 0.000000 0.000000
0.000000 0.000000 0.000000 0.000000 0.000000 0.000000 0.000000 0.000000 0.000000
0.000000 0.000000 0.000000
0.000000 0.000000 0.000000 0.000000 0.000000 0.000000 0.000000 0.000000 0.000000
0.000000 0.000000 0.000000
0.000000 0.000000 0.000000 0.000000 0.000000 0.000000 0.000000 0.000000 0.000000
0.000000 0.000000 0.000000
0.486259 0.038462 -0.872968 0.419792 0.865910 0.271983 0.766373 -0.498719 0.404911
-0.102391 0.244830 1.176454
0.999600 0.012892 0.025183 -0.023595 0.871041 0.490644 -0.015610 -0.491042 0.870996
0.295469 0.209576 1.073411
0.000000 0.000000 0.000000 0.000000 0.000000 0.000000 0.000000 0.000000 0.000000
0.000000 0.000000 0.000000
0.000000 0.000000 0.000000 0.000000 0.000000 0.000000 0.000000 0.000000 0.000000
0.000000 0.000000 0.000000
0.572009 -0.149735 -0.806465 0.453211 0.877183 0.158589 0.683670 -0.456213 0.569618
-0.220007 0.216092 1.273736
0.888864 -0.168340 -0.426126 0.266199 0.946721 0.181268 0.372907 -0.274556 0.886318
0.574434 0.266938 0.687112
0.000000 0.000000 0.000000 0.000000 0.000000 0.000000 0.000000 0.000000 0.000000
0.000000 0.000000 0.000000
0.526494 -0.070428 -0.847257 0.324521 0.937754 0.123710 0.785806 -0.340085 0.516577
-0.256662 0.213577 1.005181
0.000000 0.000000 0.000000 0.000000 0.000000 0.000000 0.000000 0.000000 0.000000
0.000000 0.000000 0.000000
0.713228 0.128191 0.689110 -0.147292 0.988593 -0.031455 -0.685282 -0.079066 0.723973
1.027763 0.158284 0.656229
0.000000 0.000000 0.000000 0.000000 0.000000 0.000000 0.000000 0.000000 0.000000
0.000000 0.000000 0.000000
0.000000 0.000000 0.000000 0.000000 0.000000 0.000000 0.000000 0.000000 0.000000
0.000000 0.000000 0.000000
0.000000 0.000000 0.000000 0.000000 0.000000 0.000000 0.000000 0.000000 0.000000
0.000000 0.000000 0.000000
0.000000 0.000000 0.000000 0.000000 0.000000 0.000000 0.000000 0.000000 0.000000
0.000000 0.000000 0.000000
0.920040 -0.084643 -0.382572 0.122712 0.989514 0.076178 0.372113 -0.117033 0.920780
6952.307170 3257.608637 10698.741495
0.284696 -0.136793 -0.948807 0.263617 0.962778 -0.059707 0.921658 -0.233124 0.310160
-0.107681 0.203972 0.957807
0.000000 0.000000 0.000000 0.000000 0.000000 0.000000 0.000000 0.000000 0.000000
0.000000 0.000000 0.000000
0.997068 0.016507 -0.074717 0.001412 0.972317 0.233661 0.076506 -0.233082 0.969443
-0.000559 0.104641 0.492347
0.998557 0.001986 -0.053672 0.002958 0.995767 0.091867 0.053627 -0.091893 0.994324
0.093683 0.078445 0.320764
0.893013 0.064697 0.445356 -0.116259 0.989186 0.089419 -0.434754 -0.131629 0.890877
0.663695 0.163914 0.728570
0.855856 0.114572 0.504365 -0.160135 0.985939 0.047767 -0.491800 -0.121648 0.862169
0.663695 0.163914 0.728570
0.000000 0.000000 0.000000 0.000000 0.000000 0.000000 0.000000 0.000000 0.000000
0.000000 0.000000 0.000000
0.000000 0.000000 0.000000 0.000000 0.000000 0.000000 0.000000 0.000000 0.000000
0.000000 0.000000 0.000000
0.000000 0.000000 0.000000 0.000000 0.000000 0.000000 0.000000 0.000000 0.000000
0.000000 0.000000 0.000000
-0.479277 -0.232178 -0.846397 0.147174 0.929458 -0.338301 0.865236 -0.286708 -0.411297
8.984528 4.235742 26.639442
0.000000 0.000000 0.000000 0.000000 0.000000 0.000000 0.000000 0.000000 0.000000
0.000000 0.000000 0.000000
0.000000 0.000000 0.000000 0.000000 0.000000 0.000000 0.000000 0.000000 0.000000
0.000000 0.000000 0.000000
0.000000 0.000000 0.000000 0.000000 0.000000 0.000000 0.000000 0.000000 0.000000
0.000000 0.000000 0.000000
0.000000 0.000000 0.000000 0.000000 0.000000 0.000000 0.000000 0.000000 0.000000
0.000000 0.000000 0.000000
0.000000 0.000000 0.000000 0.000000 0.000000 0.000000 0.000000 0.000000 0.000000
0.000000 0.000000 0.000000
0.000000 0.000000 0.000000 0.000000 0.000000 0.000000 0.000000 0.000000 0.000000
0.000000 0.000000 0.000000
0.000000 0.000000 0.000000 0.000000 0.000000 0.000000 0.000000 0.000000 0.000000
0.000000 0.000000 0.000000
0.000000 0.000000 0.000000 0.000000 0.000000 0.000000 0.000000 0.000000 0.000000
0.000000 0.000000 0.000000
0.000000 0.000000 0.000000 0.000000 0.000000 0.000000 0.000000 0.000000 0.000000
0.000000 0.000000 0.000000
0.996372 -0.011482 -0.084329 0.014308 0.999353 0.032986 0.083895 -0.034073 0.995892
0.002016 0.015740 0.070719
0.997474 0.062714 0.033367 -0.061237 0.997171 -0.043578 -0.036006 0.041424 0.998493
0.095398 0.074445 0.319244
0.000000 0.000000 0.000000 0.000000 0.000000 0.000000 0.000000 0.000000 0.000000
0.000000 0.000000 0.000000
-0.059350 0.983614 -0.170236 -0.997905 -0.062863 -0.015313 -0.025764 0.168971 0.985284
-0.677959 -1.511862 -6.923655
0.000000 0.000000 0.000000 0.000000 0.000000 0.000000 0.000000 0.000000 0.000000
0.000000 0.000000 0.000000
0.000000 0.000000 0.000000 0.000000 0.000000 0.000000 0.000000 0.000000 0.000000
0.000000 0.000000 0.000000
0.000000 0.000000 0.000000 0.000000 0.000000 0.000000 0.000000 0.000000 0.000000
0.000000 0.000000 0.000000
0.000000 0.000000 0.000000 0.000000 0.000000 0.000000 0.000000 0.000000 0.000000
0.000000 0.000000 0.000000
0.000000 0.000000 0.000000 0.000000 0.000000 0.000000 0.000000 0.000000 0.000000
0.000000 0.000000 0.000000
0.000000 0.000000 0.000000 0.000000 0.000000 0.000000 0.000000 0.000000 0.000000
0.000000 0.000000 0.000000
0.931608 0.034963 0.361779 -0.077949 0.991422 0.104912 -0.355008 -0.125937 0.926342
0.650353 0.138031 0.562637
0.000000 0.000000 0.000000 0.000000 0.000000 0.000000 0.000000 0.000000 0.000000
0.000000 0.000000 0.000000
0.000000 0.000000 0.000000 0.000000 0.000000 0.000000 0.000000 0.000000 0.000000
0.000000 0.000000 0.000000
0.000000 0.000000 0.000000 0.000000 0.000000 0.000000 0.000000 0.000000 0.000000
0.000000 0.000000 0.000000
0.000000 0.000000 0.000000 0.000000 0.000000 0.000000 0.000000 0.000000 0.000000
0.000000 0.000000 0.000000
0.000000 0.000000 0.000000 0.000000 0.000000 0.000000 0.000000 0.000000 0.000000
0.000000 0.000000 0.000000
0.000000 0.000000 0.000000 0.000000 0.000000 0.000000 0.000000 0.000000 0.000000
0.000000 0.000000 0.000000
0.000000 0.000000 0.000000 0.000000 0.000000 0.000000 0.000000 0.000000 0.000000
0.000000 0.000000 0.000000
0.852234 0.087148 0.515851 -0.157811 0.982922 0.094663 -0.498792 -0.162082 0.851432
0.712842 0.199820 0.949616
0.000000 0.000000 0.000000 0.000000 0.000000 0.000000 0.000000 0.000000 0.000000
0.000000 0.000000 0.000000
0.000000 0.000000 0.000000 0.000000 0.000000 0.000000 0.000000 0.000000 0.000000
0.000000 0.000000 0.000000
0.000000 0.000000 0.000000 0.000000 0.000000 0.000000 0.000000 0.000000 0.000000
0.000000 0.000000 0.000000
0.000000 0.000000 0.000000 0.000000 0.000000 0.000000 0.000000 0.000000 0.000000
0.000000 0.000000 0.000000
0.995734 -0.010826 -0.091636 0.001320 0.994663 -0.103172 0.092264 0.102611 0.990433
-0.187848 -0.433727 -1.727126
0.997735 -0.004586 -0.067106 0.006773 0.999452 0.032395 0.066921 -0.032776 0.997220
-0.080162 0.047209 0.192428
0.000000 0.000000 0.000000 0.000000 0.000000 0.000000 0.000000 0.000000 0.000000
0.000000 0.000000 0.000000
0.000000 0.000000 0.000000 0.000000 0.000000 0.000000 0.000000 0.000000 0.000000
0.000000 0.000000 0.000000
0.196049 -0.020907 0.980371 0.113840 0.993498 -0.001578 -0.973964 0.111915 0.197154
-38740.210788 -25436.531563 4319.639576
0.946891 -0.043826 -0.318553 0.037282 0.998950 -0.026615 0.319386 0.013325 0.947531
-0.088740 0.164253 0.765614
0.972651 -0.004183 -0.232234 -0.012133 0.997558 -0.068784 0.231955 0.069721 0.970225
-0.067459 0.123760 0.605949
0.782720 0.099501 0.614369 -0.284273 0.935306 0.210692 -0.553659 -0.339562 0.760368
0.717038 0.212953 0.970199
0.000000 0.000000 0.000000 0.000000 0.000000 0.000000 0.000000 0.000000 0.000000
0.000000 0.000000 0.000000
0.000000 0.000000 0.000000 0.000000 0.000000 0.000000 0.000000 0.000000 0.000000
0.000000 0.000000 0.000000
0.000000 0.000000 0.000000 0.000000 0.000000 0.000000 0.000000 0.000000 0.000000
0.000000 0.000000 0.000000
0.000000 0.000000 0.000000 0.000000 0.000000 0.000000 0.000000 0.000000 0.000000
0.000000 0.000000 0.000000
0.000000 0.000000 0.000000 0.000000 0.000000 0.000000 0.000000 0.000000 0.000000
0.000000 0.000000 0.000000
0.923926 0.112839 0.365552 -0.155507 0.983784 0.089367 -0.349540 -0.139414 0.926491
0.741876 0.133892 0.568580
0.000000 0.000000 0.000000 0.000000 0.000000 0.000000 0.000000 0.000000 0.000000
0.000000 0.000000 0.000000
0.000000 0.000000 0.000000 0.000000 0.000000 0.000000 0.000000 0.000000 0.000000
0.000000 0.000000 0.000000
0.714450 -0.018056 -0.699454 0.372123 0.856366 0.357995 0.592525 -0.516053 0.618550
8055.012311 256.274221 7540.231741
0.000000 0.000000 0.000000 0.000000 0.000000 0.000000 0.000000 0.000000 0.000000
0.000000 0.000000 0.000000
-0.232510 -0.189378 -0.953979 0.089666 0.972509 -0.214910 0.968452 -0.135509 -0.209137
1.035195 0.135330 1.141758
0.000000 0.000000 0.000000 0.000000 0.000000 0.000000 0.000000 0.000000 0.000000
0.000000 0.000000 0.000000
0.000000 0.000000 0.000000 0.000000 0.000000 0.000000 0.000000 0.000000 0.000000
0.000000 0.000000 0.000000
0.000000 0.000000 0.000000 0.000000 0.000000 0.000000 0.000000 0.000000 0.000000
0.000000 0.000000 0.000000
0.000000 0.000000 0.000000 0.000000 0.000000 0.000000 0.000000 0.000000 0.000000
0.000000 0.000000 0.000000
0.000000 0.000000 0.000000 0.000000 0.000000 0.000000 0.000000 0.000000 0.000000
0.000000 0.000000 0.000000
0.000000 0.000000 0.000000 0.000000 0.000000 0.000000 0.000000 0.000000 0.000000
0.000000 0.000000 0.000000
0.000000 0.000000 0.000000 0.000000 0.000000 0.000000 0.000000 0.000000 0.000000
0.000000 0.000000 0.000000
0.000000 0.000000 0.000000 0.000000 0.000000 0.000000 0.000000 0.000000 0.000000
0.000000 0.000000 0.000000
0.971844 -0.033921 -0.233173 0.016395 0.996920 -0.076695 0.235056 0.070713 0.969406
-0.380704 -0.195597 -1.776822
0.996114 -0.001686 -0.088057 -0.000704 0.999632 -0.027104 0.088070 0.027061 0.995747
-0.135607 -0.214320 -1.013897
0.990251 0.012115 -0.138768 -0.034008 0.987091 -0.156509 0.135080 0.159702 0.977880
-0.181397 -0.476010 -2.428627
0.999064 0.014216 -0.040861 -0.015752 0.999172 -0.037510 0.040294 0.038118 0.998461
0.093683 0.078445 0.320763
0.964608 -0.261299 0.035422 0.257892 0.962864 0.079900 -0.054984 -0.067937 0.996173
0.132632 0.157467 0.741721
0.996457 0.030515 0.078367 -0.039334 0.992750 0.113577 -0.074333 -0.116258 0.990434
0.132632 0.157467 0.741722
0.000000 0.000000 0.000000 0.000000 0.000000 0.000000 0.000000 0.000000 0.000000
0.000000 0.000000 0.000000
0.000000 0.000000 0.000000 0.000000 0.000000 0.000000 0.000000 0.000000 0.000000
0.000000 0.000000 0.000000
0.000000 0.000000 0.000000 0.000000 0.000000 0.000000 0.000000 0.000000 0.000000
0.000000 0.000000 0.000000
0.000000 0.000000 0.000000 0.000000 0.000000 0.000000 0.000000 0.000000 0.000000
0.000000 0.000000 0.000000
0.000000 0.000000 0.000000 0.000000 0.000000 0.000000 0.000000 0.000000 0.000000
0.000000 0.000000 0.000000
0.000000 0.000000 0.000000 0.000000 0.000000 0.000000 0.000000 0.000000 0.000000
0.000000 0.000000 0.000000
0.000000 0.000000 0.000000 0.000000 0.000000 0.000000 0.000000 0.000000 0.000000
0.000000 0.000000 0.000000
0.000000 0.000000 0.000000 0.000000 0.000000 0.000000 0.000000 0.000000 0.000000
0.000000 0.000000 0.000000
0.000000 0.000000 0.000000 0.000000 0.000000 0.000000 0.000000 0.000000 0.000000
0.000000 0.000000 0.000000
0.000000 0.000000 0.000000 0.000000 0.000000 0.000000 0.000000 0.000000 0.000000
0.000000 0.000000 0.000000
0.000000 0.000000 0.000000 0.000000 0.000000 0.000000 0.000000 0.000000 0.000000
0.000000 0.000000 0.000000
0.000000 0.000000 0.000000 0.000000 0.000000 0.000000 0.000000 0.000000 0.000000
0.000000 0.000000 0.000000
0.000000 0.000000 0.000000 0.000000 0.000000 0.000000 0.000000 0.000000 0.000000
0.000000 0.000000 0.000000
0.000000 0.000000 0.000000 0.000000 0.000000 0.000000 0.000000 0.000000 0.000000
0.000000 0.000000 0.000000
0.000000 0.000000 0.000000 0.000000 0.000000 0.000000 0.000000 0.000000 0.000000
0.000000 0.000000 0.000000
0.000000 0.000000 0.000000 0.000000 0.000000 0.000000 0.000000 0.000000 0.000000
0.000000 0.000000 0.000000
0.000000 0.000000 0.000000 0.000000 0.000000 0.000000 0.000000 0.000000 0.000000
0.000000 0.000000 0.000000
0.000000 0.000000 0.000000 0.000000 0.000000 0.000000 0.000000 0.000000 0.000000
0.000000 0.000000 0.000000
0.000000 0.000000 0.000000 0.000000 0.000000 0.000000 0.000000 0.000000 0.000000
0.000000 0.000000 0.000000
0.000000 0.000000 0.000000 0.000000 0.000000 0.000000 0.000000 0.000000 0.000000
0.000000 0.000000 0.000000
0.000000 0.000000 0.000000 0.000000 0.000000 0.000000 0.000000 0.000000 0.000000
0.000000 0.000000 0.000000
0.822568 0.102973 0.559266 -0.375049 0.837493 0.397421 -0.427457 -0.536658 0.727515
0.607723 0.186979 0.758249
0.000000 0.000000 0.000000 0.000000 0.000000 0.000000 0.000000 0.000000 0.000000
0.000000 0.000000 0.000000
0.000000 0.000000 0.000000 0.000000 0.000000 0.000000 0.000000 0.000000 0.000000
0.000000 0.000000 0.000000
0.000000 0.000000 0.000000 0.000000 0.000000 0.000000 0.000000 0.000000 0.000000
0.000000 0.000000 0.000000
0.000000 0.000000 0.000000 0.000000 0.000000 0.000000 0.000000 0.000000 0.000000
0.000000 0.000000 0.000000
0.000000 0.000000 0.000000 0.000000 0.000000 0.000000 0.000000 0.000000 0.000000
0.000000 0.000000 0.000000
0.838397 0.164580 0.519619 -0.320068 0.920305 0.224934 -0.441188 -0.354897 0.824258
0.458168 0.157003 0.675706
0.903949 -0.057759 -0.423723 0.103714 0.990866 0.086190 0.414874 -0.121858 0.901682
-0.066651 0.180858 0.778565
0.689596 0.185765 0.699963 -0.427707 0.884437 0.186649 -0.584400 -0.428092 0.689357
0.595669 0.226222 1.105326
0.000000 0.000000 0.000000 0.000000 0.000000 0.000000 0.000000 0.000000 0.000000
0.000000 0.000000 0.000000
0.000000 0.000000 0.000000 0.000000 0.000000 0.000000 0.000000 0.000000 0.000000
0.000000 0.000000 0.000000
0.000000 0.000000 0.000000 0.000000 0.000000 0.000000 0.000000 0.000000 0.000000
0.000000 0.000000 0.000000
0.000000 0.000000 0.000000 0.000000 0.000000 0.000000 0.000000 0.000000 0.000000
0.000000 0.000000 0.000000
0.000000 0.000000 0.000000 0.000000 0.000000 0.000000 0.000000 0.000000 0.000000
0.000000 0.000000 0.000000
0.000000 0.000000 0.000000 0.000000 0.000000 0.000000 0.000000 0.000000 0.000000
0.000000 0.000000 0.000000
0.863829 -0.000766 -0.503785 0.064866 0.991844 0.109716 0.499592 -0.127454 0.856833
-0.694883 0.019978 -0.837476
